{
 "templeR0032": [
  [
   1.0,
   0.0,
   0.0,
   0.0
  ],
  [
   0.0,
   1.0,
   0.0,
   0.0
  ],
  [
   0.0,
   0.0,
   1.0,
   0.0
  ]
 ],
 "templeR0047": [
  [
   0.9999747380887353,
   -0.007102493096770059,
   -0.00027888380193001453,
   0.005054309272868908
  ],
  [
   0.007086200268251639,
   0.9992131428010929,
   -0.03902410818098512,
   0.9996381203473188
  ],
  [
   0.000555832819165891,
   0.039021146130956044,
   0.9992382304558325,
   0.02642124725015457
  ]
 ],
 "templeR0033": [
  [
   0.999963148077941,
   0.008584913460588282,
   4.179626819275428e-05,
   0.0026459518073291832
  ],
  [
   -0.008575724041268957,
   0.9986426536946448,
   0.05137418786594776,
   -1.3372828012488935
  ],
  [
   0.0003993034207546208,
   -0.051372653061642654,
   0.9986794736421623,
   0.004174150605226856
  ]
 ],
 "templeR0034": [
  [
   0.9992823251225168,
   0.021434487392216588,
   0.031231353604504564,
   -0.7797765514708267
  ],
  [
   -0.025813099663430768,
   0.9887510399414731,
   0.14732638901575387,
   -3.819160258097054
  ],
  [
   -0.027722167727334792,
   -0.1480268346107839,
   0.9885947287193115,
   0.12809749338621756
  ]
 ],
 "templeR0035": [
  [
   0.9982918297124008,
   0.05079709528767331,
   0.028863087842467234,
   -0.708118879539454
  ],
  [
   -0.05669050821691455,
   0.9616683549991911,
   0.2682911874647722,
   -6.920105814910366
  ],
  [
   -0.014128305191171562,
   -0.2694691635484191,
   0.9629053748364584,
   1.0034632543652044
  ]
 ],
 "templeR0036": [
  [
   0.9974540988777485,
   0.06522624871216426,
   0.028824592120575844,
   -0.7048330469294191
  ],
  [
   -0.07125380622872071,
   0.9278483407587048,
   0.3660879015335503,
   -9.451332971941342
  ],
  [
   -0.0028663094561810834,
   -0.36720973983577476,
   0.9301337491134509,
   1.7866482477753856
  ]
 ],
 "templeR0046": [
  [
   0.9994690925474662,
   -0.02564785095743422,
   0.02009280427440864,
   -0.5050989733504847
  ],
  [
   0.028616561678469873,
   0.9858741445406984,
   -0.16502503908149346,
   4.202711784752131
  ],
  [
   -0.015576438618849405,
   0.16551241303120245,
   0.9860846899189449,
   0.36534802748019146
  ]
 ],
 "templeR0037": [
  [
   0.9956490548627158,
   0.08108515535925213,
   0.045914672288351575,
   -1.1291509740431214
  ],
  [
   -0.09318076306510746,
   0.86929550348737,
   0.4854303997600938,
   -12.490057729389612
  ],
  [
   -0.0005522187837091047,
   -0.48759668292248065,
   0.8730688230932364,
   3.244022885856321
  ]
 ],
 "templeR0045": [
  [
   0.9987914999366933,
   -0.046190605455581686,
   0.016791891550900277,
   -0.4267614888907758
  ],
  [
   0.049063960016841206,
   0.9570686652734967,
   -0.2856786617496545,
   7.2740884668526125
  ],
  [
   -0.0028753228820805636,
   0.2861572957645052,
   0.958178341750151,
   1.1686044581143733
  ]
 ],
 "templeR0044": [
  [
   0.9975476354142203,
   -0.06140420926253567,
   0.03358925668037979,
   -0.8491541541397494
  ],
  [
   0.06970387136323879,
   0.914990644763146,
   -0.3974084678424699,
   10.107058534563556
  ],
  [
   -0.0063313029049928,
   0.39877517861668005,
   0.9170268652132063,
   2.270242269719752
  ]
 ],
 "templeR0038": [
  [
   0.9941228463061451,
   0.096711483875974,
   0.048648281970445045,
   -1.203444671721548
  ],
  [
   -0.106701176745368,
   0.7993904808788592,
   0.5912611250212718,
   -15.188171799723694
  ],
  [
   0.018292767240700586,
   -0.5929770214492072,
   0.8050115692956866,
   4.918009593371849
  ]
 ],
 "templeR0043": [
  [
   0.9964223388979292,
   -0.07841753299003494,
   0.03151528303755168,
   -0.8104205963482796
  ],
  [
   0.08372270366143435,
   0.8650087407279282,
   -0.49472253572674796,
   12.575625025466957
  ],
  [
   0.011533925472269183,
   0.49559113085691975,
   0.8684793604796601,
   3.4973446835010336
  ]
 ],
 "templeR0042": [
  [
   0.9947341234624874,
   -0.08605337755331756,
   0.055667224027995094,
   -1.424808405023627
  ],
  [
   0.10214249694639181,
   0.7877532980620225,
   -0.6074632924794408,
   15.419639236401787
  ],
  [
   0.008422228735504068,
   0.6099504550404666,
   0.7923947933063761,
   5.587614909751746
  ]
 ],
 "templeR0013": [
  [
   -0.9939508217140416,
   0.10066861813160695,
   -0.04390436581314213,
   1.5593148644789978
  ],
  [
   -0.10557038711233023,
   -0.765565685446969,
   0.6346369628622849,
   -16.636228534710238
  ],
  [
   0.030276350158733555,
   0.6354329316218866,
   0.7715622671123055,
   6.178492783311526
  ]
 ],
 "templeR0039": [
  [
   0.9922784080087799,
   0.10940809025357148,
   0.0584245734826358,
   -1.4575153107936396
  ],
  [
   -0.11951016121372371,
   0.7173836318506801,
   0.6863512556405779,
   -17.63687830105209
  ],
  [
   0.03317954740847623,
   -0.6880338614776126,
   0.7249196666486394,
   6.94264452432294
  ]
 ],
 "templeR0014": [
  [
   -0.9914617110205298,
   0.11604884708739545,
   -0.059467139412702194,
   1.9506963659695318
  ],
  [
   -0.12265801564098193,
   -0.6752036717784191,
   0.7273616795074905,
   -18.9701685495562
  ],
  [
   0.044257053440780264,
   0.7284453766114706,
   0.6836729090099389,
   8.348261164926331
  ]
 ],
 "templeR0015": [
  [
   -0.9899118436688739,
   0.1271139964881432,
   -0.06258253479129125,
   2.0472683577874076
  ],
  [
   -0.12606250436431748,
   -0.5885644129004446,
   0.7985613169071936,
   -20.755362105138033
  ],
  [
   0.06467446758565004,
   0.7983946165675012,
   0.5986511918292197,
   10.55852412114608
  ]
 ],
 "templeR0016": [
  [
   -0.9866953178856496,
   0.13902152644040697,
   -0.08429332624067058,
   2.597532578733968
  ],
  [
   -0.14196021027467695,
   -0.48399746790896225,
   0.8634777065775832,
   -22.373742765363342
  ],
  [
   0.0792442323535688,
   0.8639557084966176,
   0.4972935605804698,
   13.223754938884783
  ]
 ],
 "templeR0017": [
  [
   -0.9852376531994173,
   0.1437606104533153,
   -0.09294973695602901,
   2.8225031225592407
  ],
  [
   -0.1447170938149089,
   -0.40935667913598184,
   0.900824107139972,
   -23.358920038289476
  ],
  [
   0.09145342790662198,
   0.900977245067183,
   0.42411823162330253,
   15.065360689121816
  ]
 ],
 "templeR0018": [
  [
   -0.9835936809215926,
   0.1466538356354883,
   -0.10505295495373465,
   3.132040138262514
  ],
  [
   -0.15114655875375657,
   -0.3520523813336168,
   0.9236957500033368,
   -24.025485955975405
  ],
  [
   0.09847938174059301,
   0.9244196954255836,
   0.3684427202174877,
   16.5007685982959
  ]
 ],
 "templeR0019": [
  [
   -0.9863142303429712,
   0.10019996321315122,
   -0.13093588658208086,
   3.7170710380860683
  ],
  [
   -0.15443402170519793,
   -0.2833164181685387,
   0.9465104014938813,
   -24.664282943828876
  ],
  [
   0.05774402101439469,
   0.9537776337114606,
   0.2949132982231496,
   18.468463143753436
  ]
 ],
 "templeR0020": [
  [
   -0.9817746758425777,
   0.13197359751463447,
   -0.13675326479922373,
   3.909098242646208
  ],
  [
   -0.16241968641583185,
   -0.20901286583193568,
   0.9643305799264607,
   -25.171895815630673
  ],
  [
   0.0986829840387095,
   0.9689667648974171,
   0.2266386489225728,
   20.209482630050275
  ]
 ],
 "templeR0021": [
  [
   -0.9855074541227683,
   0.08771547846314912,
   -0.14519315654134854,
   4.077508051191099
  ],
  [
   -0.1588755715041794,
   -0.1773408285225334,
   0.9712408472249101,
   -25.48123962011135
  ],
  [
   0.059444180940442744,
   0.9802327404126643,
   0.18870655519985902,
   21.447834798046763
  ]
 ],
 "templeR0022": [
  [
   -0.9812321850230158,
   0.10512656537248644,
   -0.16165334616995264,
   4.513230224988881
  ],
  [
   -0.17086770279425145,
   -0.0854705037050435,
   0.9815798597863661,
   -25.764036894091106
  ],
  [
   0.08937352637539579,
   0.9907790865018251,
   0.10182914383336461,
   23.50851723575452
  ]
 ],
 "templeR0023": [
  [
   -0.9790761317904367,
   0.10171700453617591,
   -0.17624862877895806,
   4.903667963327106
  ],
  [
   -0.17352814182588797,
   0.03507165620839103,
   0.9842042282601994,
   -25.82529177381328
  ],
  [
   0.1062916372662022,
   0.9941949657481614,
   -0.016687058706737812,
   26.73228609444869
  ]
 ],
 "templeR0024": [
  [
   -0.9749659296476955,
   0.0995967776956806,
   -0.19880120195522466,
   5.475279187526911
  ],
  [
   -0.18464153892564938,
   0.13552019413601468,
   0.9734175769342288,
   -25.539101401498055
  ],
  [
   0.1238908314984315,
   0.9857559327003691,
   -0.1137378697560889,
   29.170473107354223
  ]
 ],
 "templeR0025": [
  [
   -0.9729651937201516,
   0.08427466116900706,
   -0.21502677343520962,
   5.889811470682744
  ],
  [
   -0.18806293182489597,
   0.251322171184966,
   0.9494574766382639,
   -24.920167261034177
  ],
  [
   0.13405620270070476,
   0.964227643119468,
   -0.22867878511515627,
   32.29243344044046
  ]
 ],
 "templeR0026": [
  [
   -0.9673752589096629,
   0.08979182075167438,
   -0.23690195730631267,
   6.467254995457978
  ],
  [
   -0.19366906285842625,
   0.34075127233054514,
   0.9199896002111401,
   -24.147012302527003
  ],
  [
   0.16333218464528584,
   0.9358557577592892,
   -0.31224445251722976,
   34.44498528202743
  ]
 ],
 "templeR0027": [
  [
   -0.9630637951206731,
   0.07990847925729258,
   -0.2571434647634526,
   6.98852506728357
  ],
  [
   -0.1990176820358209,
   0.4320324905348637,
   0.8796248571745415,
   -23.102990792939572
  ],
  [
   0.18138381616024912,
   0.8983109495408761,
   -0.4001716496331479,
   36.78316168332193
  ]
 ],
 "templeR0028": [
  [
   -0.9549155316111556,
   0.07201040299533326,
   -0.2880118562633035,
   7.799635848395546
  ],
  [
   -0.20889080433933174,
   0.526374168888182,
   0.8241934640542486,
   -21.660452603604636
  ],
  [
   0.2109525049632052,
   0.8471981681919082,
   -0.4876005583077444,
   39.015321144654834
  ]
 ],
 "templeR0029": [
  [
   -0.9546459859583387,
   0.056297008518978134,
   -0.2923725163647317,
   7.912986234441059
  ],
  [
   -0.20300251603730907,
   0.5952714112609185,
   0.7774586326088075,
   -20.441347725588578
  ],
  [
   0.21780959569347091,
   0.8015501193108567,
   -0.5568450289412648,
   40.84128987383097
  ]
 ],
 "templeR0001": [
  [
   -0.9486807519698306,
   0.04136280710988989,
   -0.31351865818471936,
   8.466070606777006
  ],
  [
   -0.21112174497271324,
   0.6552752616832946,
   0.7252874879836033,
   -19.099800428658856
  ],
  [
   0.2354409472492699,
   0.7542568856920557,
   -0.6129144399869264,
   42.15297337772563
  ]
 ],
 "templeR0030": [
  [
   -0.9482602602558777,
   0.045960887050728136,
   -0.31414976632327024,
   8.476686881322824
  ],
  [
   -0.2094250542689346,
   0.6531365411915728,
   0.7277044765595184,
   -19.16341949000498
  ],
  [
   0.23862863504598283,
   0.7558440681925203,
   -0.6097180652680974,
   42.112351853331035
  ]
 ],
 "templeR0031": [
  [
   -0.9471328768889855,
   0.03776462303789052,
   -0.3186112784613876,
   8.59207712743037
  ],
  [
   -0.20854713714796605,
   0.682187853299794,
   0.7008051258357108,
   -18.472032365095707
  ],
  [
   0.24381838549088394,
   0.7302010449574999,
   -0.6382468400545309,
   42.881446230593724
  ]
 ],
 "templeR0002": [
  [
   -0.9471332091369234,
   0.03452361601837815,
   -0.3189777485766182,
   8.597145555715333
  ],
  [
   -0.20714556857663857,
   0.6934134615017284,
   0.6901220796549341,
   -18.194513051053004
  ],
  [
   0.2450089744663525,
   0.7197123670920249,
   -0.6496035029814267,
   43.09048918014715
  ]
 ],
 "templeR0003": [
  [
   -0.9481794119347823,
   0.02842624587488543,
   -0.3164612951507197,
   8.517248019510122
  ],
  [
   -0.1979666080488885,
   0.7261884298060983,
   0.6583764777947125,
   -17.392800241976154
  ],
  [
   0.24852570265593882,
   0.68690779072683,
   -0.6829294708519742,
   43.97288124993514
  ]
 ],
 "templeR0004": [
  [
   -0.9464459806420996,
   0.016555225895277845,
   -0.32243748265667044,
   8.674288241787607
  ],
  [
   -0.19912509717917787,
   0.756192906463043,
   0.6233149155028764,
   -16.49907880365582
  ],
  [
   0.25414405639282084,
   0.6541392915201864,
   -0.712399175946794,
   44.70948674816465
  ]
 ],
 "templeR0005": [
  [
   -0.9391006645063508,
   0.005852481058504375,
   -0.34359233167984143,
   9.235280986336123
  ],
  [
   -0.21223479067540618,
   0.7764974311021364,
   0.5933027331124892,
   -15.752216669725279
  ],
  [
   0.27027085590328975,
   0.6300932375111186,
   -0.7279671534431071,
   45.295285703400864
  ]
 ],
 "templeR0012": [
  [
   -0.9879782472951693,
   -0.13412234027618333,
   -0.07687769969506818,
   2.3337534325506746
  ],
  [
   0.13967789833544128,
   -0.5613444510094614,
   -0.815709808717218,
   20.422987331616813
  ],
  [
   0.06625003840119288,
   -0.816641662640185,
   0.5733300334468043,
   10.721585308587995
  ]
 ],
 "templeR0011": [
  [
   -0.9855218496727598,
   -0.14341587361063757,
   -0.09043545219702274,
   2.677132734419807
  ],
  [
   0.14506239672771637,
   -0.43711189654716975,
   -0.887631731605257,
   22.266330235259623
  ],
  [
   0.08777006820774942,
   -0.8878992494047023,
   0.45158757515389236,
   13.856198045308355
  ]
 ],
 "templeR0010": [
  [
   -0.9824650491645001,
   -0.15048351323569722,
   -0.11007787886055136,
   3.176569380292067
  ],
  [
   0.15383359661398174,
   -0.3206708990587055,
   -0.934615107437114,
   23.488723112689474
  ],
  [
   0.10534539250960727,
   -0.9351603534908454,
   0.33819737068149003,
   16.648959038140543
  ]
 ],
 "templeR0009": [
  [
   -0.9798360443444828,
   -0.15414915965078713,
   -0.1271194823082315,
   3.6096200567402095
  ],
  [
   0.15527392540325885,
   -0.18707576192601594,
   -0.9699962202965865,
   24.404149855711324
  ],
  [
   0.12574312821470546,
   -0.9701756005377361,
   0.20723891967490915,
   20.02087694433239
  ]
 ],
 "templeR0008": [
  [
   -0.9768768005843785,
   -0.15559181280153686,
   -0.146638686127365,
   4.102630099778126
  ],
  [
   0.15703739312418172,
   -0.0567252288364245,
   -0.9859622231983416,
   24.839905423342103
  ],
  [
   0.14508953663441607,
   -0.9861913790956534,
   0.07984729273196212,
   23.26206342138532
  ]
 ],
 "templeR0007": [
  [
   -0.9750278548092889,
   -0.1510487153033682,
   -0.16280346418672534,
   4.504545844805051
  ],
  [
   0.14957572038418812,
   0.09522254177890577,
   -0.9841543432860093,
   24.78933510584202
  ],
  [
   0.1641578088838527,
   -0.9839293435721729,
   -0.07025141023556669,
   26.958652601734823
  ]
 ],
 "templeR0006": [
  [
   -0.9717975638297425,
   -0.15071324939110708,
   -0.18136981940927047,
   4.985845354173126
  ],
  [
   0.14328927856930812,
   0.2334542630586226,
   -0.9617521976615608,
   24.243315131325478
  ],
  [
   0.18729035634987892,
   -0.960616793272806,
   -0.2052746913299497,
   30.459642355141384
  ]
 ],
 "templeR0040": [
  [
   0.9723154415919079,
   0.13720799547494505,
   0.1891471596923445,
   -4.765004474385067
  ],
  [
   -0.1455121582209749,
   -0.2778280430031006,
   0.949546097001584,
   -24.47538035219121
  ],
  [
   0.18283570179756406,
   -0.9507815440461679,
   -0.2501710647724422,
   31.584742481783962
  ]
 ],
 "templeR0041": [
  [
   0.9711073294579754,
   0.12737181938643677,
   0.2018092522635856,
   -5.086060189586427
  ],
  [
   -0.13189088480492706,
   -0.4183116090863445,
   0.8986769120262112,
   -23.190658128102843
  ],
  [
   0.19888526636825582,
   -0.8993285369261792,
   -0.3894262876230182,
   35.18007878094507
  ]
 ]
}